0 0 0
0.000299987 -1e-009 0
0.000599947 -3.99982e-009 0
0.00089988 -8.99911e-009 0
0.00119979 -1.59975e-008 0
0.00149967 -2.49947e-008 0
0.00179952 -3.59902e-008 0
0.00209935 -4.89839e-008 0
0.00239915 -6.39752e-008 0
0.00269892 -8.09638e-008 0
0.00299867 -9.99495e-008 0
0.00329839 -1.20932e-007 0
0.00359809 -1.4391e-007 0
0.00389775 -1.68885e-007 0
0.00419739 -1.95855e-007 0
0.00449701 -2.2482e-007 0
0.0047966 -2.5578e-007 0
0.00509616 -2.88735e-007 0
0.00539569 -3.23684e-007 0
0.0056952 -3.60626e-007 0
0.00599468 -3.99562e-007 0
0.00629414 -4.40491e-007 0
0.00659357 -4.83413e-007 0
0.00689297 -5.28327e-007 0
0.00719234 -5.75234e-007 0
0.00749169 -6.24132e-007 0
0.00779102 -6.75021e-007 0
0.00809031 -7.27901e-007 0
0.00838958 -7.82772e-007 0
0.00868882 -8.39633e-007 0
0.00898804 -8.98484e-007 0
0.00928723 -9.59325e-007 0
0.00958639 -1.02215e-006 0
0.00988553 -1.08697e-006 0
0.0101846 -1.15378e-006 0
0.0104837 -1.22258e-006 0
0.0107828 -1.29336e-006 0
0.0110818 -1.36613e-006 0
0.0113808 -1.44089e-006 0
0.0116798 -1.51763e-006 0
0.0119787 -1.59636e-006 0
0.0122777 -1.67708e-006 0
0.0125766 -1.75978e-006 0
0.0128754 -1.84447e-006 0
0.0131743 -1.93114e-006 0
0.0134731 -2.0198e-006 0
0.0137719 -2.11044e-006 0
0.0140707 -2.20307e-006 0
0.0143694 -2.29768e-006 0
0.0146681 -2.39427e-006 0
0.0149668 -2.49284e-006 0
0.0152655 -2.5934e-006 0
0.0155641 -2.69594e-006 0
0.0158627 -2.80046e-006 0
0.0161613 -2.90696e-006 0
0.0164598 -3.01545e-006 0
0.0167584 -3.12591e-006 0
0.0170569 -3.23836e-006 0
0.0173553 -3.35278e-006 0
0.0176538 -3.46919e-006 0
0.0179522 -3.58757e-006 0
0.0182506 -3.70794e-006 0
0.018549 -3.83028e-006 0
0.0188473 -3.9546e-006 0
0.0191456 -4.0809e-006 0
0.0194439 -4.20917e-006 0
0.0197422 -4.33943e-006 0
0.0200404 -4.47165e-006 0
0.0203386 -4.60586e-006 0
0.0206368 -4.74204e-006 0
0.020935 -4.8802e-006 0
0.0212331 -5.02034e-006 0
0.0215312 -5.16244e-006 0
0.0218293 -5.30653e-006 0
0.0221273 -5.45259e-006 0
0.0224253 -5.60062e-006 0
0.0227233 -5.75062e-006 0
0.0230213 -5.9026e-006 0
0.0233193 -6.05655e-006 0
0.0236172 -6.21248e-006 0
0.0239151 -6.37038e-006 0
0.0242129 -6.53025e-006 0
0.0245108 -6.69209e-006 0
0.0248086 -6.8559e-006 0
0.0251064 -7.02168e-006 0
0.0254041 -7.18943e-006 0
0.0257019 -7.35916e-006 0
0.0259996 -7.53085e-006 0
0.0262973 -7.70451e-006 0
0.0265949 -7.88015e-006 0
0.0268925 -8.05775e-006 0
0.0271902 -8.23732e-006 0
0.0274877 -8.41885e-006 0
0.0277853 -8.60236e-006 0
0.0280828 -8.78783e-006 0
0.0283803 -8.97527e-006 0
0.0286778 -9.16468e-006 0
0.0289752 -9.35605e-006 0
0.0292726 -9.54939e-006 0
0.02957 -9.74469e-006 0
0.0298674 -9.94196e-006 0
0.0301647 -1.01412e-005 0
0.030462 -1.03424e-005 0
0.0307593 -1.05456e-005 0
0.0310566 -1.07507e-005 0
0.0313538 -1.09578e-005 0
0.031651 -1.11668e-005 0
0.0319482 -1.13778e-005 0
0.0322454 -1.15908e-005 0
0.0325425 -1.18058e-005 0
0.0328396 -1.20227e-005 0
0.0331367 -1.22415e-005 0
0.0334337 -1.24624e-005 0
0.0337307 -1.26851e-005 0
0.0340277 -1.29099e-005 0
0.0343247 -1.31366e-005 0
0.0346216 -1.33653e-005 0
0.0349186 -1.35959e-005 0
0.0352154 -1.38285e-005 0
0.0355123 -1.4063e-005 0
0.0358091 -1.42995e-005 0
0.036106 -1.4538e-005 0
0.0364027 -1.47784e-005 0
0.0366995 -1.50208e-005 0
0.0369962 -1.52651e-005 0
0.0372929 -1.55114e-005 0
0.0375896 -1.57596e-005 0
0.0378863 -1.60098e-005 0
0.0381829 -1.6262e-005 0
0.0384795 -1.65161e-005 0
0.0387761 -1.67722e-005 0
0.0390726 -1.70302e-005 0
0.0393691 -1.72902e-005 0
0.0396656 -1.75521e-005 0
0.0399621 -1.7816e-005 0
0.0402586 -1.80818e-005 0
0.040555 -1.83496e-005 0
0.0408514 -1.86193e-005 0
0.0411477 -1.8891e-005 0
0.0414441 -1.91647e-005 0
0.0417404 -1.94403e-005 0
0.0420367 -1.97178e-005 0
0.0423329 -1.99973e-005 0
0.0426292 -2.02788e-005 0
0.0429254 -2.05621e-005 0
0.0432215 -2.08475e-005 0
0.0435177 -2.11348e-005 0
0.0438138 -2.1424e-005 0
0.0441099 -2.17152e-005 0
0.044406 -2.20084e-005 0
0.0447021 -2.23035e-005 0
0.0449981 -2.26005e-005 0
0.0452941 -2.28995e-005 0
0.04559 -2.32004e-005 0
0.045886 -2.35033e-005 0
0.0461819 -2.38081e-005 0
0.0464778 -2.41149e-005 0
0.0467737 -2.44236e-005 0
0.0470695 -2.47342e-005 0
0.0473653 -2.50468e-005 0
0.0476611 -2.53614e-005 0
0.0479569 -2.56779e-005 0
0.0482526 -2.59963e-005 0
0.0485483 -2.63167e-005 0
0.048844 -2.6639e-005 0
0.0491396 -2.69633e-005 0
0.0494353 -2.72895e-005 0
0.0497309 -2.76176e-005 0
0.0500265 -2.79477e-005 0
0.050322 -2.82798e-005 0
0.0506175 -2.86137e-005 0
0.050913 -2.89497e-005 0
0.0512085 -2.92875e-005 0
0.0515039 -2.96273e-005 0
0.0517994 -2.9969e-005 0
0.0520948 -3.03127e-005 0
0.0523901 -3.06583e-005 0
0.0526855 -3.10059e-005 0
0.0529808 -3.13553e-005 0
0.0532761 -3.17068e-005 0
0.0535713 -3.20601e-005 0
0.0538666 -3.24154e-005 0
0.0541618 -3.27727e-005 0
0.054457 -3.31318e-005 0
0.0547521 -3.3493e-005 0
0.0550473 -3.3856e-005 0
0.0553424 -3.4221e-005 0
0.0556374 -3.45879e-005 0
0.0559325 -3.49567e-005 0
0.0562275 -3.53275e-005 0
0.0565225 -3.57002e-005 0
0.0568175 -3.60749e-005 0
0.0571124 -3.64515e-005 0
0.0574074 -3.683e-005 0
0.0577023 -3.72104e-005 0
0.0579971 -3.75928e-005 0
0.058292 -3.79771e-005 0
0.0585868 -3.83634e-005 0
0.0588816 -3.87516e-005 0
0.0591764 -3.91417e-005 0
0.0594711 -3.95337e-005 0
0.0597658 -3.99277e-005 0
0.0600605 -4.03236e-005 0
0.0603552 -4.07214e-005 0
0.0606498 -4.11212e-005 0
0.0609444 -4.15229e-005 0
0.061239 -4.19265e-005 0
0.0615335 -4.2332e-005 0
0.0618281 -4.27395e-005 0
0.0621226 -4.31489e-005 0
0.062417 -4.35602e-005 0
0.0627115 -4.39735e-005 0
0.0630059 -4.43886e-005 0
0.0633003 -4.48057e-005 0
0.0635947 -4.52248e-005 0
0.063889 -4.56457e-005 0
0.0641834 -4.60686e-005 0
0.0644777 -4.64934e-005 0
0.0647719 -4.69201e-005 0
0.0650662 -4.73488e-005 0
0.0653604 -4.77794e-005 0
0.0656546 -4.82119e-005 0
0.0659488 -4.86463e-005 0
0.0662429 -4.90826e-005 0
0.066537 -4.95209e-005 0
0.0668311 -4.99611e-005 0
0.0671251 -5.04032e-005 0
0.0674192 -5.08472e-005 0
0.0677132 -5.12932e-005 0
0.0680072 -5.17411e-005 0
0.0683011 -5.21908e-005 0
0.0685951 -5.26426e-005 0
0.068889 -5.30962e-005 0
0.0691828 -5.35517e-005 0
0.0694767 -5.40092e-005 0
0.0697705 -5.44686e-005 0
0.0700643 -5.49299e-005 0
0.0703581 -5.53931e-005 0
0.0706518 -5.58583e-005 0
0.0709456 -5.63253e-005 0
0.0712393 -5.67943e-005 0
0.0715329 -5.72652e-005 0
0.0718266 -5.7738e-005 0
0.0721202 -5.82127e-005 0
0.0724138 -5.86894e-005 0
0.0727074 -5.91679e-005 0
0.0730009 -5.96484e-005 0
0.0732944 -6.01308e-005 0
0.0735879 -6.06151e-005 0
0.0738814 -6.11013e-005 0
0.0741748 -6.15894e-005 0
0.0744682 -6.20795e-005 0
0.0747616 -6.25714e-005 0
0.0750549 -6.30653e-005 0
0.0753483 -6.3561e-005 0
0.0756416 -6.40587e-005 0
0.0759349 -6.45583e-005 0
0.0762281 -6.50598e-005 0
0.0765213 -6.55633e-005 0
0.0768145 -6.60686e-005 0
0.0771077 -6.65758e-005 0
0.0774009 -6.7085e-005 0
0.077694 -6.7596e-005 0
0.0779871 -6.8109e-005 0
0.0782802 -6.86239e-005 0
0.0785732 -6.91407e-005 0
0.0788662 -6.96593e-005 0
0.0791592 -7.01799e-005 0
0.0794522 -7.07024e-005 0
0.0797451 -7.12269e-005 0
0.080038 -7.17532e-005 0
0.0803309 -7.22814e-005 0
0.0806238 -7.28115e-005 0
0.0809166 -7.33436e-005 0
0.0812094 -7.38775e-005 0
0.0815022 -7.44134e-005 0
0.081795 -7.49511e-005 0
0.0820877 -7.54908e-005 0
0.0823804 -7.60323e-005 0
0.0826731 -7.65758e-005 0
0.0829658 -7.71211e-005 0
0.0832584 -7.76684e-005 0
0.083551 -7.82176e-005 0
0.0838436 -7.87687e-005 0
0.0841361 -7.93216e-005 0
0.0844287 -7.98765e-005 0
0.0847212 -8.04333e-005 0
0.0850136 -8.0992e-005 0
0.0853061 -8.15525e-005 0
0.0855985 -8.2115e-005 0
0.0858909 -8.26794e-005 0
0.0861833 -8.32457e-005 0
0.0864756 -8.38138e-005 0
0.0867679 -8.43839e-005 0
0.0870602 -8.49559e-005 0
0.0873525 -8.55297e-005 0
0.0876447 -8.61055e-005 0
0.0879369 -8.66832e-005 0
0.0882291 -8.72627e-005 0
0.0885213 -8.78442e-005 0
0.0888134 -8.84275e-005 0
0.0891055 -8.90128e-005 0
0.0893976 -8.95999e-005 0
0.0896897 -9.0189e-005 0
0.0899817 -9.07799e-005 0
0.0902737 -9.13727e-005 0
0.0905657 -9.19675e-005 0
0.0908577 -9.25641e-005 0
0.0911496 -9.31626e-005 0
0.0914415 -9.3763e-005 0
0.0917334 -9.43653e-005 0
0.0920252 -9.49695e-005 0
0.0923171 -9.55756e-005 0
0.0926089 -9.61835e-005 0
0.0929006 -9.67934e-005 0
0.0931924 -9.74052e-005 0
0.0934841 -9.80188e-005 0
0.0937758 -9.86343e-005 0
0.0940675 -9.92518e-005 0
0.0943591 -9.98711e-005 0
0.0946507 -0.000100492 0
0.0949423 -0.000101115 0
0.0952339 -0.00010174 0
0.0955254 -0.000102367 0
0.095817 -0.000102996 0
0.0961084 -0.000103627 0
0.0963999 -0.000104259 0
0.0966914 -0.000104894 0
0.0969828 -0.00010553 0
0.0972742 -0.000106168 0
0.0975655 -0.000106808 0
0.0978568 -0.00010745 0
0.0981482 -0.000108094 0
0.0984394 -0.00010874 0
0.0987307 -0.000109387 0
0.0990219 -0.000110037 0
0.0993131 -0.000110688 0
0.0996043 -0.000111342 0
0.0998955 -0.000111997 0
0.100187 -0.000112654 0
0.100478 -0.000113313 0
0.100769 -0.000113973 0
0.10106 -0.000114636 0
0.101351 -0.000115301 0
0.101642 -0.000115967 0
0.101933 -0.000116635 0
0.102224 -0.000117306 0
0.102515 -0.000117978 0
0.102806 -0.000118652 0
0.103096 -0.000119328 0
0.103387 -0.000120005 0
0.103678 -0.000120685 0
0.103969 -0.000121366 0
0.10426 -0.00012205 0
0.10455 -0.000122735 0
0.104841 -0.000123422 0
0.105132 -0.000124111 0
0.105423 -0.000124802 0
0.105713 -0.000125495 0
0.106004 -0.000126189 0
0.106294 -0.000126886 0
0.106585 -0.000127584 0
0.106875 -0.000128285 0
0.107166 -0.000128987 0
0.107456 -0.000129691 0
0.107747 -0.000130397 0
0.108037 -0.000131104 0
0.108328 -0.000131814 0
0.108618 -0.000132525 0
0.108908 -0.000133239 0
0.109199 -0.000133954 0
0.109489 -0.000134671 0
0.109779 -0.00013539 0
0.11007 -0.000136111 0
0.11036 -0.000136834 0
0.11065 -0.000137558 0
0.11094 -0.000138285 0
0.11123 -0.000139013 0
0.11152 -0.000139743 0
0.111811 -0.000140475 0
0.112101 -0.000141209 0
0.112391 -0.000141945 0
0.112681 -0.000142683 0
0.112971 -0.000143422 0
0.113261 -0.000144164 0
0.113551 -0.000144907 0
0.113841 -0.000145652 0
0.11413 -0.000146399 0
0.11442 -0.000147148 0
0.11471 -0.000147899 0
0.115 -0.000148652 0
0.11529 -0.000149406 0
0.11558 -0.000150162 0
0.115869 -0.000150921 0
0.116159 -0.000151681 0
0.116449 -0.000152443 0
0.116738 -0.000153206 0
0.117028 -0.000153972 0
0.117318 -0.00015474 0
0.117607 -0.000155509 0
