0 10 10 0 0 0
0 10 9.99999 0 0.00700428 0.00699447
0 10 9.99997 0 0.0140086 0.0139791
0 10 9.99994 0 0.0210128 0.020954
0 10 9.9999 0 0.0280171 0.027919
0 10 9.99985 0 0.0350214 0.0348742
0 10 9.99979 0 0.0420257 0.0418197
0 10 9.99973 0 0.0490299 0.0487553
0 10 9.99965 0 0.0560342 0.0556811
0 10 9.99956 0 0.0630385 0.062597
0 10 9.99946 0 0.0700428 0.0695032
0 10 9.99935 0 0.0770471 0.0763996
0 10 9.99923 0 0.0840513 0.0832862
0 10 9.99911 0 0.0910556 0.0901629
0 10 9.99897 0 0.0980599 0.0970298
0 10 9.99882 0 0.105064 0.103887
0 10 9.99867 0 0.112068 0.110734
0 10 9.9985 0 0.119073 0.117572
0 10 9.99832 0 0.126077 0.124399
0 10 9.99814 0 0.133081 0.131217
0 10 9.99794 0 0.140086 0.138025
0 10 9.99773 0 0.14709 0.144824
0 10 9.99752 0 0.154094 0.151612
0 10 9.99729 0 0.161098 0.158391
0 10 9.99706 0 0.168103 0.16516
0 10 9.99681 0 0.175107 0.171919
0 10 9.99656 0 0.182111 0.178668
0 10 9.99629 0 0.189115 0.185407
0 10 9.99602 0 0.19612 0.192137
0 10 9.99573 0 0.203124 0.198857
0 10 9.99544 0 0.210128 0.205567
0 10 9.99513 0 0.217133 0.212267
0 10 9.99482 0 0.224137 0.218957
0 10 9.9945 0 0.231141 0.225638
0 10 9.99416 0 0.238145 0.232308
0 10 9.99382 0 0.24515 0.238969
0 10 9.99347 0 0.252154 0.245621
0 10 9.9931 0 0.259158 0.252262
0 10 9.99273 0 0.266163 0.258893
0 10 9.99235 0 0.273167 0.265515
0 10 9.99196 0 0.280171 0.272127
0 10 9.99155 0 0.287175 0.278729
0 10 9.99114 0 0.29418 0.285321
0 10 9.99072 0 0.301184 0.291904
0 10 9.99029 0 0.308188 0.298476
0 10 9.98985 0 0.315192 0.305039
0 10 9.9894 0 0.322197 0.311592
0 10 9.98893 0 0.329201 0.318135
0 10 9.98846 0 0.336205 0.324669
0 10 9.98798 0 0.34321 0.331192
0 10 9.98749 0 0.350214 0.337706
0 10 9.98699 0 0.357218 0.34421
0 10 9.98648 0 0.364222 0.350704
0 10 9.98596 0 0.371227 0.357189
0 10 9.98543 0 0.378231 0.363663
0 10 9.98489 0 0.385235 0.370128
0 10 9.98434 0 0.39224 0.376583
0 10 9.98378 0 0.399244 0.383028
0 10 9.98322 0 0.406248 0.389463
0 10 9.98264 0 0.413252 0.395889
0 10 9.98205 0 0.420257 0.402304
0 10 9.98145 0 0.427261 0.40871
0 10 9.98084 0 0.434265 0.415106
0 10 9.98022 0 0.441269 0.421493
0 10 9.9796 0 0.448274 0.427869
0 10 9.97896 0 0.455278 0.434236
0 10 9.97831 0 0.462282 0.440592
0 10 9.97765 0 0.469287 0.446939
0 10 9.97699 0 0.476291 0.453277
0 10 9.97631 0 0.483295 0.459604
0 10 9.97562 0 0.490299 0.465922
0 10 9.97493 0 0.497304 0.472229
0 10 9.97422 0 0.504308 0.478527
0 10 9.9735 0 0.511312 0.484815
0 10 9.97278 0 0.518317 0.491094
0 10 9.97204 0 0.525321 0.497362
0 10 9.9713 0 0.532325 0.503621
0 10 9.97054 0 0.539329 0.50987
0 10 9.96978 0 0.546334 0.516109
0 10 9.969 0 0.553338 0.522338
0 10 9.96822 0 0.560342 0.528558
0 10 9.96742 0 0.567346 0.534767
0 10 9.96662 0 0.574351 0.540967
0 10 9.9658 0 0.581355 0.547157
0 10 9.96498 0 0.588359 0.553338
0 10 9.96414 0 0.595364 0.559508
0 10 9.9633 0 0.602368 0.565669
0 10 9.96245 0 0.609372 0.571819
0 10 9.96158 0 0.616376 0.57796
0 10 9.96071 0 0.623381 0.584092
0 10 9.95983 0 0.630385 0.590213
0 10 9.95894 0 0.637389 0.596325
0 10 9.95803 0 0.644394 0.602426
0 10 9.95712 0 0.651398 0.608518
0 10 9.9562 0 0.658402 0.6146
0 10 9.95527 0 0.665406 0.620673
0 10 9.95432 0 0.672411 0.626735
0 10 9.95337 0 0.679415 0.632788
0 10 9.95241 0 0.686419 0.638831
0 10 9.95144 0 0.693423 0.644864
0 10 9.95046 0 0.700428 0.650887
0 10 9.94947 0 0.707432 0.656901
0 10 9.94847 0 0.714436 0.662904
0 10 9.94746 0 0.721441 0.668898
0 10 9.94644 0 0.728445 0.674882
0 10 9.94541 0 0.735449 0.680857
0 10 9.94437 0 0.742453 0.686821
0 10 9.94332 0 0.749458 0.692776
0 10 9.94226 0 0.756462 0.69872
0 10 9.94119 0 0.763466 0.704655
0 10 9.94011 0 0.770471 0.71058
0 10 9.93902 0 0.777475 0.716496
0 10 9.93792 0 0.784479 0.722401
0 10 9.93681 0 0.791483 0.728297
0 10 9.9357 0 0.798488 0.734183
0 10 9.93457 0 0.805492 0.740059
0 10 9.93343 0 0.812496 0.745926
0 10 9.93228 0 0.8195 0.751782
0 10 9.93112 0 0.826505 0.757629
0 10 9.92996 0 0.833509 0.763466
0 10 9.92878 0 0.840513 0.769293
0 10 9.92759 0 0.847518 0.77511
0 10 9.9264 0 0.854522 0.780917
0 10 9.92519 0 0.861526 0.786715
0 10 9.92397 0 0.86853 0.792503
0 10 9.92275 0 0.875535 0.798281
0 10 9.92151 0 0.882539 0.804049
0 10 9.92026 0 0.889543 0.809808
0 10 9.91901 0 0.896548 0.815556
0 10 9.91774 0 0.903552 0.821295
0 10 9.91647 0 0.910556 0.827024
0 10 9.91518 0 0.91756 0.832743
0 10 9.91389 0 0.924565 0.838452
0 10 9.91258 0 0.931569 0.844152
0 10 9.91127 0 0.938573 0.849842
0 10 9.90994 0 0.945577 0.855522
0 10 9.90861 0 0.952582 0.861192
0 10 9.90727 0 0.959586 0.866852
0 10 9.90591 0 0.96659 0.872503
0 10 9.90455 0 0.973595 0.878143
0 10 9.90318 0 0.980599 0.883774
0 10 9.90179 0 0.987603 0.889395
0 10 9.9004 0 0.994607 0.895006
0 10 9.899 0 1.00161 0.900608
0 10 9.89758 0 1.00862 0.9062
0 10 9.89616 0 1.01562 0.911781
0 10 9.89473 0 1.02262 0.917353
0 10 9.89329 0 1.02963 0.922916
0 10 9.89183 0 1.03663 0.928468
0 10 9.89037 0 1.04364 0.934011
0 10 9.8889 0 1.05064 0.939543
0 10 9.88742 0 1.05765 0.945066
0 10 9.88593 0 1.06465 0.95058
0 10 9.88443 0 1.07165 0.956083
0 10 9.88292 0 1.07866 0.961576
0 10 9.8814 0 1.08566 0.96706
0 10 9.87987 0 1.09267 0.972534
0 10 9.87833 0 1.09967 0.977998
0 10 9.87678 0 1.10668 0.983452
0 10 9.87522 0 1.11368 0.988897
0 10 9.87365 0 1.12068 0.994332
0 10 9.87207 0 1.12769 0.999756
0 10 9.87048 0 1.13469 1.00517
0 10 9.86888 0 1.1417 1.01058
0 10 9.86727 0 1.1487 1.01597
0 10 9.86565 0 1.15571 1.02136
0 10 9.86402 0 1.16271 1.02673
0 10 9.86239 0 1.16971 1.0321
0 10 9.86074 0 1.17672 1.03746
0 10 9.85908 0 1.18372 1.0428
0 10 9.85741 0 1.19073 1.04814
0 10 9.85573 0 1.19773 1.05347
0 10 9.85405 0 1.20474 1.05878
0 10 9.85235 0 1.21174 1.06409
0 10 9.85064 0 1.21874 1.06939
0 10 9.84893 0 1.22575 1.07467
0 10 9.8472 0 1.23275 1.07995
0 10 9.84546 0 1.23976 1.08522
0 10 9.84372 0 1.24676 1.09048
0 10 9.84196 0 1.25377 1.09573
0 10 9.8402 0 1.26077 1.10097
0 10 9.83842 0 1.26777 1.10619
0 10 9.83663 0 1.27478 1.11141
0 10 9.83484 0 1.28178 1.11662
0 10 9.83303 0 1.28879 1.12182
0 10 9.83122 0 1.29579 1.12701
0 10 9.82939 0 1.3028 1.13219
0 10 9.82756 0 1.3098 1.13736
0 10 9.82572 0 1.3168 1.14252
0 10 9.82386 0 1.32381 1.14767
0 10 9.822 0 1.33081 1.15281
0 10 9.82012 0 1.33782 1.15794
0 10 9.81824 0 1.34482 1.16306
0 10 9.81635 0 1.35183 1.16817
0 10 9.81444 0 1.35883 1.17327
0 10 9.81253 0 1.36583 1.17837
0 10 9.81061 0 1.37284 1.18345
0 10 9.80868 0 1.37984 1.18852
0 10 9.80673 0 1.38685 1.19358
0 10 9.80478 0 1.39385 1.19863
0 10 9.80282 0 1.40086 1.20367
0 10 9.80085 0 1.40786 1.20871
0 10 9.79887 0 1.41486 1.21373
0 10 9.79687 0 1.42187 1.21874
0 10 9.79487 0 1.42887 1.22375
0 10 9.79286 0 1.43588 1.22874
0 10 9.79084 0 1.44288 1.23372
0 10 9.78881 0 1.44989 1.2387
0 10 9.78677 0 1.45689 1.24366
0 10 9.78472 0 1.46389 1.24861
0 10 9.78266 0 1.4709 1.25356
0 10 9.78059 0 1.4779 1.25849
0 10 9.77851 0 1.48491 1.26342
0 10 9.77642 0 1.49191 1.26833
0 10 9.77432 0 1.49892 1.27324
0 10 9.77221 0 1.50592 1.27813
0 10 9.77009 0 1.51292 1.28302
0 10 9.76796 0 1.51993 1.28789
0 10 9.76583 0 1.52693 1.29276
0 10 9.76368 0 1.53394 1.29761
0 10 9.76152 0 1.54094 1.30246
0 10 9.75935 0 1.54795 1.3073
0 10 9.75717 0 1.55495 1.31212
0 10 9.75499 0 1.56195 1.31694
0 10 9.75279 0 1.56896 1.32175
0 10 9.75058 0 1.57596 1.32654
0 10 9.74836 0 1.58297 1.33133
0 10 9.74614 0 1.58997 1.33611
0 10 9.7439 0 1.59698 1.34088
0 10 9.74165 0 1.60398 1.34563
0 10 9.7394 0 1.61098 1.35038
0 10 9.73713 0 1.61799 1.35512
0 10 9.73486 0 1.62499 1.35985
0 10 9.73257 0 1.632 1.36457
0 10 9.73027 0 1.639 1.36928
0 10 9.72797 0 1.64601 1.37397
0 10 9.72565 0 1.65301 1.37866
0 10 9.72333 0 1.66001 1.38334
0 10 9.72099 0 1.66702 1.38801
0 10 9.71865 0 1.67402 1.39267
0 10 9.71629 0 1.68103 1.39732
0 10 9.71393 0 1.68803 1.40196
0 10 9.71156 0 1.69504 1.40659
0 10 9.70917 0 1.70204 1.41121
0 10 9.70678 0 1.70904 1.41582
0 10 9.70438 0 1.71605 1.42042
0 10 9.70196 0 1.72305 1.42501
0 10 9.69954 0 1.73006 1.4296
0 10 9.69711 0 1.73706 1.43417
0 10 9.69466 0 1.74407 1.43873
0 10 9.69221 0 1.75107 1.44328
0 10 9.68975 0 1.75807 1.44782
0 10 9.68728 0 1.76508 1.45235
0 10 9.68479 0 1.77208 1.45688
0 10 9.6823 0 1.77909 1.46139
0 10 9.6798 0 1.78609 1.46589
0 10 9.67729 0 1.7931 1.47039
0 10 9.67477 0 1.8001 1.47487
0 10 9.67224 0 1.8071 1.47934
0 10 9.6697 0 1.81411 1.48381
0 10 9.66715 0 1.82111 1.48826
0 10 9.66459 0 1.82812 1.4927
0 10 9.66202 0 1.83512 1.49714
0 10 9.65944 0 1.84213 1.50156
0 10 9.65685 0 1.84913 1.50598
0 10 9.65425 0 1.85613 1.51038
0 10 9.65164 0 1.86314 1.51477
0 10 9.64902 0 1.87014 1.51916
0 10 9.64639 0 1.87715 1.52354
0 10 9.64375 0 1.88415 1.5279
0 10 9.6411 0 1.89115 1.53226
0 10 9.63844 0 1.89816 1.5366
0 10 9.63577 0 1.90516 1.54094
0 10 9.6331 0 1.91217 1.54526
0 10 9.63041 0 1.91917 1.54958
0 10 9.62771 0 1.92618 1.55389
0 10 9.625 0 1.93318 1.55818
0 10 9.62229 0 1.94018 1.56247
0 10 9.61956 0 1.94719 1.56675
0 10 9.61682 0 1.95419 1.57101
0 10 9.61407 0 1.9612 1.57527
0 10 9.61132 0 1.9682 1.57952
0 10 9.60855 0 1.97521 1.58376
0 10 9.60578 0 1.98221 1.58799
0 10 9.60299 0 1.98921 1.5922
0 10 9.60019 0 1.99622 1.59641
0 10 9.59739 0 2.00322 1.60061
0 10 9.59457 0 2.01023 1.6048
0 10 9.59175 0 2.01723 1.60898
0 10 9.58891 0 2.02424 1.61315
0 10 9.58607 0 2.03124 1.61731
0 10 9.58321 0 2.03824 1.62146
0 10 9.58035 0 2.04525 1.6256
0 10 9.57747 0 2.05225 1.62973
0 10 9.57459 0 2.05926 1.63385
0 10 9.5717 0 2.06626 1.63796
0 10 9.56879 0 2.07327 1.64206
0 10 9.56588 0 2.08027 1.64615
0 10 9.56295 0 2.08727 1.65023
0 10 9.56002 0 2.09428 1.6543
0 10 9.55708 0 2.10128 1.65836
0 10 9.55413 0 2.10829 1.66241
0 10 9.55116 0 2.11529 1.66645
0 10 9.54819 0 2.1223 1.67049
0 10 9.54521 0 2.1293 1.67451
0 10 9.54222 0 2.1363 1.67852
0 10 9.53921 0 2.14331 1.68252
0 10 9.5362 0 2.15031 1.68652
0 10 9.53318 0 2.15732 1.6905
0 10 9.53015 0 2.16432 1.69447
0 10 9.52711 0 2.17133 1.69844
0 10 9.52406 0 2.17833 1.70239
0 10 9.521 0 2.18533 1.70633
0 10 9.51793 0 2.19234 1.71027
0 10 9.51485 0 2.19934 1.71419
0 10 9.51176 0 2.20635 1.7181
0 10 9.50866 0 2.21335 1.72201
0 10 9.50555 0 2.22036 1.7259
0 10 9.50243 0 2.22736 1.72979
0 10 9.4993 0 2.23436 1.73366
0 10 9.49616 0 2.24137 1.73753
0 10 9.49301 0 2.24837 1.74138
0 10 9.48985 0 2.25538 1.74523
0 10 9.48668 0 2.26238 1.74906
0 10 9.4835 0 2.26939 1.75289
0 10 9.48032 0 2.27639 1.75671
0 10 9.47712 0 2.28339 1.76051
0 10 9.47391 0 2.2904 1.76431
0 10 9.47069 0 2.2974 1.76809
0 10 9.46746 0 2.30441 1.77187
0 10 9.46423 0 2.31141 1.77564
0 10 9.46098 0 2.31842 1.7794
0 10 9.45772 0 2.32542 1.78314
0 10 9.45446 0 2.33242 1.78688
0 10 9.45118 0 2.33943 1.79061
0 10 9.44789 0 2.34643 1.79433
0 10 9.4446 0 2.35344 1.79803
0 10 9.44129 0 2.36044 1.80173
0 10 9.43798 0 2.36745 1.80542
0 10 9.43465 0 2.37445 1.8091
0 10 9.43131 0 2.38145 1.81277
0 10 9.42797 0 2.38846 1.81643
0 10 9.42461 0 2.39546 1.82008
0 10 9.42125 0 2.40247 1.82372
0 10 9.41787 0 2.40947 1.82735
0 10 9.41449 0 2.41648 1.83097
0 10 9.4111 0 2.42348 1.83458
0 10 9.40769 0 2.43048 1.83818
0 10 9.40428 0 2.43749 1.84177
0 10 9.40085 0 2.44449 1.84535
0 10 9.39742 0 2.4515 1.84892
0 10 9.39398 0 2.4585 1.85248
0 10 9.39052 0 2.46551 1.85603
0 10 9.38706 0 2.47251 1.85957
0 10 9.38359 0 2.47951 1.8631
0 10 9.38011 0 2.48652 1.86662
0 10 9.37661 0 2.49352 1.87014
0 10 9.37311 0 2.50053 1.87364
0 10 9.3696 0 2.50753 1.87713
0 10 9.36608 0 2.51454 1.88061
0 10 9.36255 0 2.52154 1.88409
0 10 9.359 0 2.52854 1.88755
0 10 9.35545 0 2.53555 1.891
0 10 9.35189 0 2.54255 1.89445
0 10 9.34832 0 2.54956 1.89788
0 10 9.34474 0 2.55656 1.9013
0 10 9.34115 0 2.56357 1.90472
0 10 9.33755 0 2.57057 1.90812
0 10 9.33394 0 2.57757 1.91151
0 10 9.33032 0 2.58458 1.9149
0 10 9.32669 0 2.59158 1.91827
0 10 9.32305 0 2.59859 1.92164
0 10 9.3194 0 2.60559 1.92499
0 10 9.31574 0 2.6126 1.92834
0 10 9.31207 0 2.6196 1.93167
0 10 9.30839 0 2.6266 1.935
0 10 9.30471 0 2.63361 1.93831
0 10 9.30101 0 2.64061 1.94162
0 10 9.2973 0 2.64762 1.94492
0 10 9.29358 0 2.65462 1.9482
0 10 9.28985 0 2.66163 1.95148
0 10 9.28612 0 2.66863 1.95475
0 10 9.28237 0 2.67563 1.958
0 10 9.27861 0 2.68264 1.96125
0 10 9.27484 0 2.68964 1.96449
0 10 9.27107 0 2.69665 1.96771
0 10 9.26728 0 2.70365 1.97093
0 10 9.26348 0 2.71066 1.97414
0 10 9.25968 0 2.71766 1.97734
0 10 9.25586 0 2.72466 1.98053
0 10 9.25204 0 2.73167 1.9837
0 10 9.2482 0 2.73867 1.98687
0 10 9.24436 0 2.74568 1.99003
0 10 9.2405 0 2.75268 1.99318
0 10 9.23663 0 2.75969 1.99632
0 10 9.23276 0 2.76669 1.99945
0 10 9.22888 0 2.77369 2.00257
0 10 9.22498 0 2.7807 2.00568
0 10 9.22108 0 2.7877 2.00878
0 10 9.21716 0 2.79471 2.01187
0 10 9.21324 0 2.80171 2.01495
0 10 9.2093 0 2.80872 2.01802
0 10 9.20536 0 2.81572 2.02108
0 10 9.20141 0 2.82272 2.02413
0 10 9.19744 0 2.82973 2.02717
0 10 9.19347 0 2.83673 2.0302
0 10 9.18949 0 2.84374 2.03322
0 10 9.1855 0 2.85074 2.03624
0 10 9.18149 0 2.85775 2.03924
0 10 9.17748 0 2.86475 2.04223
0 10 9.17346 0 2.87175 2.04521
0 10 9.16943 0 2.87876 2.04818
0 10 9.16538 0 2.88576 2.05115
0 10 9.16133 0 2.89277 2.0541
0 10 9.15727 0 2.89977 2.05704
0 10 9.1532 0 2.90678 2.05998
0 10 9.14912 0 2.91378 2.0629
0 10 9.14503 0 2.92078 2.06581
0 10 9.14093 0 2.92779 2.06872
0 10 9.13682 0 2.93479 2.07161
0 10 9.1327 0 2.9418 2.07449
0 10 9.12857 0 2.9488 2.07737
0 10 9.12443 0 2.95581 2.08023
0 10 9.12028 0 2.96281 2.08309
0 10 9.11612 0 2.96981 2.08593
0 10 9.11195 0 2.97682 2.08877
0 10 9.10777 0 2.98382 2.09159
0 10 9.10358 0 2.99083 2.09441
0 10 9.09938 0 2.99783 2.09721
0 10 9.09517 0 3.00484 2.10001
0 10 9.09096 0 3.01184 2.1028
0 10 9.08673 0 3.01884 2.10557
0 10 9.08249 0 3.02585 2.10834
0 10 9.07824 0 3.03285 2.11109
0 10 9.07399 0 3.03986 2.11384
0 10 9.06972 0 3.04686 2.11658
0 10 9.06544 0 3.05387 2.11931
0 10 9.06115 0 3.06087 2.12202
0 10 9.05686 0 3.06787 2.12473
0 10 9.05255 0 3.07488 2.12743
0 10 9.04823 0 3.08188 2.13012
0 10 9.04391 0 3.08889 2.13279
0 10 9.03957 0 3.09589 2.13546
0 10 9.03523 0 3.10289 2.13812
0 10 9.03087 0 3.1099 2.14077
0 10 9.0265 0 3.1169 2.14341
0 10 9.02213 0 3.12391 2.14604
0 10 9.01774 0 3.13091 2.14866
0 10 9.01335 0 3.13792 2.15127
0 10 9.00894 0 3.14492 2.15387
0 10 9.00453 0 3.15192 2.15646
0 10 9.00011 0 3.15893 2.15904
0 10 8.99567 0 3.16593 2.16161
0 10 8.99123 0 3.17294 2.16417
0 10 8.98677 0 3.17994 2.16672
0 10 8.98231 0 3.18695 2.16926
0 10 8.97784 0 3.19395 2.17179
0 10 8.97335 0 3.20095 2.17431
0 10 8.96886 0 3.20796 2.17682
0 10 8.96436 0 3.21496 2.17932
0 10 8.95985 0 3.22197 2.18181
0 10 8.95532 0 3.22897 2.1843
0 10 8.95079 0 3.23598 2.18677
0 10 8.94625 0 3.24298 2.18923
0 10 8.9417 0 3.24998 2.19168
0 10 8.93714 0 3.25699 2.19412
0 10 8.93256 0 3.26399 2.19656
0 10 8.92798 0 3.271 2.19898
0 10 8.92339 0 3.278 2.20139
0 10 8.91879 0 3.28501 2.2038
0 10 8.91418 0 3.29201 2.20619
0 10 8.90956 0 3.29901 2.20857
0 10 8.90493 0 3.30602 2.21095
0 10 8.90029 0 3.31302 2.21331
0 10 8.89564 0 3.32003 2.21567
0 10 8.89098 0 3.32703 2.21801
0 10 8.88631 0 3.33404 2.22035
0 10 8.88163 0 3.34104 2.22267
0 10 8.87694 0 3.34804 2.22499
0 10 8.87224 0 3.35505 2.22729
0 10 8.86753 0 3.36205 2.22959
0 10 8.86281 0 3.36906 2.23187
0 10 8.85809 0 3.37606 2.23415
0 10 8.85335 0 3.38307 2.23641
0 10 8.8486 0 3.39007 2.23867
0 10 8.84384 0 3.39707 2.24092
0 10 8.83907 0 3.40408 2.24315
0 10 8.8343 0 3.41108 2.24538
0 10 8.82951 0 3.41809 2.2476
0 10 8.82471 0 3.42509 2.2498
0 10 8.81991 0 3.4321 2.252
0 10 8.81509 0 3.4391 2.25419
0 10 8.81026 0 3.4461 2.25637
0 10 8.80543 0 3.45311 2.25854
0 10 8.80058 0 3.46011 2.26069
0 10 8.79572 0 3.46712 2.26284
0 10 8.79086 0 3.47412 2.26498
0 10 8.78598 0 3.48113 2.26711
0 10 8.7811 0 3.48813 2.26923
0 10 8.7762 0 3.49513 2.27134
0 10 8.7713 0 3.50214 2.27344
0 10 8.76638 0 3.50914 2.27553
0 10 8.76146 0 3.51615 2.27761
0 10 8.75652 0 3.52315 2.27968
0 10 8.75158 0 3.53016 2.28174
0 10 8.74663 0 3.53716 2.28379
0 10 8.74166 0 3.54416 2.28583
0 10 8.73669 0 3.55117 2.28786
0 10 8.7317 0 3.55817 2.28988
0 10 8.72671 0 3.56518 2.29189
0 10 8.72171 0 3.57218 2.29389
0 10 8.7167 0 3.57919 2.29588
0 10 8.71167 0 3.58619 2.29786
0 10 8.70664 0 3.59319 2.29983
0 10 8.7016 0 3.6002 2.3018
0 10 8.69655 0 3.6072 2.30375
0 10 8.69148 0 3.61421 2.30569
0 10 8.68641 0 3.62121 2.30762
0 10 8.68133 0 3.62822 2.30955
0 10 8.67624 0 3.63522 2.31146
0 10 8.67114 0 3.64222 2.31336
0 10 8.66603 0 3.64923 2.31526
0 10 8.66091 0 3.65623 2.31714
0 10 8.65577 0 3.66324 2.31901
0 10 8.65063 0 3.67024 2.32088
0 10 8.64548 0 3.67725 2.32273
0 10 8.64032 0 3.68425 2.32457
0 10 8.63515 0 3.69125 2.32641
0 10 8.62997 0 3.69826 2.32823
0 10 8.62479 0 3.70526 2.33005
0 10 8.61959 0 3.71227 2.33185
0 10 8.61438 0 3.71927 2.33365
0 10 8.60916 0 3.72628 2.33543
0 10 8.60393 0 3.73328 2.33721
0 10 8.59869 0 3.74028 2.33897
0 10 8.59344 0 3.74729 2.34073
0 10 8.58818 0 3.75429 2.34248
0 10 8.58292 0 3.7613 2.34421
0 10 8.57764 0 3.7683 2.34594
0 10 8.57235 0 3.77531 2.34766
0 10 8.56705 0 3.78231 2.34936
0 10 8.56175 0 3.78931 2.35106
0 10 8.55643 0 3.79632 2.35275
0 10 8.5511 0 3.80332 2.35442
0 10 8.54577 0 3.81033 2.35609
0 10 8.54042 0 3.81733 2.35775
0 10 8.53506 0 3.82434 2.3594
0 10 8.5297 0 3.83134 2.36104
0 10 8.52432 0 3.83834 2.36267
0 10 8.51894 0 3.84535 2.36428
0 10 8.51354 0 3.85235 2.36589
0 10 8.50813 0 3.85936 2.36749
0 10 8.50272 0 3.86636 2.36908
0 10 8.49729 0 3.87337 2.37066
0 10 8.49186 0 3.88037 2.37223
0 10 8.48642 0 3.88737 2.37379
0 10 8.48096 0 3.89438 2.37534
0 10 8.4755 0 3.90138 2.37688
0 10 8.47002 0 3.90839 2.37841
0 10 8.46454 0 3.91539 2.37993
0 10 8.45905 0 3.9224 2.38144
0 10 8.45354 0 3.9294 2.38294
0 10 8.44803 0 3.9364 2.38443
0 10 8.44251 0 3.94341 2.38591
0 10 8.43697 0 3.95041 2.38739
0 10 8.43143 0 3.95742 2.38885
0 10 8.42588 0 3.96442 2.3903
0 10 8.42032 0 3.97143 2.39174
0 10 8.41474 0 3.97843 2.39317
0 10 8.40916 0 3.98543 2.3946
0 10 8.40357 0 3.99244 2.39601
0 10 8.39797 0 3.99944 2.39741
0 10 8.39236 0 4.00645 2.3988
0 10 8.38674 0 4.01345 2.40019
0 10 8.3811 0 4.02046 2.40156
0 10 8.37546 0 4.02746 2.40292
0 10 8.36981 0 4.03446 2.40428
0 10 8.36415 0 4.04147 2.40562
0 10 8.35848 0 4.04847 2.40696
0 10 8.3528 0 4.05548 2.40828
0 10 8.34711 0 4.06248 2.40959
0 10 8.34141 0 4.06949 2.4109
0 10 8.3357 0 4.07649 2.41219
0 10 8.32998 0 4.08349 2.41348
0 10 8.32426 0 4.0905 2.41475
0 10 8.31852 0 4.0975 2.41602
0 10 8.31277 0 4.10451 2.41727
0 10 8.30701 0 4.11151 2.41852
0 10 8.30124 0 4.11852 2.41976
0 10 8.29546 0 4.12552 2.42098
0 10 8.28968 0 4.13252 2.4222
0 10 8.28388 0 4.13953 2.42341
0 10 8.27807 0 4.14653 2.4246
0 10 8.27225 0 4.15354 2.42579
0 10 8.26643 0 4.16054 2.42697
0 10 8.26059 0 4.16755 2.42813
0 10 8.25474 0 4.17455 2.42929
0 10 8.24889 0 4.18155 2.43044
0 10 8.24302 0 4.18856 2.43158
0 10 8.23714 0 4.19556 2.43271
0 10 8.23126 0 4.20257 2.43382
0 10 8.22536 0 4.20957 2.43493
0 10 8.21946 0 4.21658 2.43603
0 10 8.21354 0 4.22358 2.43712
0 10 8.20761 0 4.23058 2.4382
0 10 8.20168 0 4.23759 2.43927
0 10 8.19573 0 4.24459 2.44033
0 10 8.18978 0 4.2516 2.44138
0 10 8.18382 0 4.2586 2.44242
0 10 8.17784 0 4.26561 2.44345
0 10 8.17186 0 4.27261 2.44447
0 10 8.16586 0 4.27961 2.44548
0 10 8.15986 0 4.28662 2.44648
0 10 8.15385 0 4.29362 2.44747
0 10 8.14782 0 4.30063 2.44845
0 10 8.14179 0 4.30763 2.44942
0 10 8.13575 0 4.31464 2.45038
0 10 8.12969 0 4.32164 2.45133
0 10 8.12363 0 4.32864 2.45228
0 10 8.11756 0 4.33565 2.45321
0 10 8.11148 0 4.34265 2.45413
0 10 8.10538 0 4.34966 2.45504
0 10 8.09928 0 4.35666 2.45594
0 10 8.09317 0 4.36366 2.45684
0 10 8.08705 0 4.37067 2.45772
0 10 8.08092 0 4.37767 2.45859
0 10 8.07478 0 4.38468 2.45946
0 10 8.06863 0 4.39168 2.46031
0 10 8.06247 0 4.39869 2.46115
0 10 8.0563 0 4.40569 2.46199
0 10 8.05012 0 4.41269 2.46281
0 10 8.04393 0 4.4197 2.46362
0 10 8.03773 0 4.4267 2.46443
0 10 8.03152 0 4.43371 2.46522
0 10 8.0253 0 4.44071 2.46601
0 10 8.01907 0 4.44772 2.46678
0 10 8.01283 0 4.45472 2.46755
0 10 8.00658 0 4.46172 2.4683
0 10 8.00032 0 4.46873 2.46905
0 10 7.99405 0 4.47573 2.46978
0 10 7.98777 0 4.48274 2.47051
0 10 7.98148 0 4.48974 2.47123
0 10 7.97519 0 4.49675 2.47193
0 10 7.96888 0 4.50375 2.47263
0 10 7.96256 0 4.51075 2.47332
0 10 7.95623 0 4.51776 2.47399
0 10 7.9499 0 4.52476 2.47466
0 10 7.94355 0 4.53177 2.47532
0 10 7.93719 0 4.53877 2.47596
0 10 7.93083 0 4.54578 2.4766
0 10 7.92445 0 4.55278 2.47723
0 10 7.91806 0 4.55978 2.47785
0 10 7.91167 0 4.56679 2.47846
0 10 7.90526 0 4.57379 2.47905
0 10 7.89885 0 4.5808 2.47964
0 10 7.89242 0 4.5878 2.48022
0 10 7.88598 0 4.59481 2.48079
0 10 7.87954 0 4.60181 2.48135
0 10 7.87308 0 4.60881 2.4819
0 10 7.86662 0 4.61582 2.48244
0 10 7.86014 0 4.62282 2.48297
0 10 7.85366 0 4.62983 2.48349
0 10 7.84717 0 4.63683 2.484
0 10 7.84066 0 4.64384 2.4845
0 10 7.83415 0 4.65084 2.48499
0 10 7.82762 0 4.65784 2.48547
0 10 7.82109 0 4.66485 2.48594
0 10 7.81455 0 4.67185 2.4864
0 10 7.80799 0 4.67886 2.48685
0 10 7.80143 0 4.68586 2.48729
0 10 7.79486 0 4.69287 2.48773
0 10 7.78828 0 4.69987 2.48815
0 10 7.78168 0 4.70687 2.48856
0 10 7.77508 0 4.71388 2.48896
0 10 7.76847 0 4.72088 2.48935
0 10 7.76185 0 4.72789 2.48974
0 10 7.75522 0 4.73489 2.49011
0 10 7.74858 0 4.7419 2.49047
0 10 7.74192 0 4.7489 2.49082
0 10 7.73526 0 4.7559 2.49117
0 10 7.72859 0 4.76291 2.4915
0 10 7.72191 0 4.76991 2.49183
0 10 7.71522 0 4.77692 2.49214
0 10 7.70852 0 4.78392 2.49244
0 10 7.70181 0 4.79093 2.49274
0 10 7.69509 0 4.79793 2.49302
0 10 7.68836 0 4.80493 2.4933
0 10 7.68162 0 4.81194 2.49356
0 10 7.67487 0 4.81894 2.49382
0 10 7.66811 0 4.82595 2.49406
0 10 7.66135 0 4.83295 2.4943
0 10 7.65457 0 4.83996 2.49452
0 10 7.64778 0 4.84696 2.49474
0 10 7.64098 0 4.85396 2.49494
0 10 7.63417 0 4.86097 2.49514
0 10 7.62735 0 4.86797 2.49533
0 10 7.62053 0 4.87498 2.4955
0 10 7.61369 0 4.88198 2.49567
0 10 7.60684 0 4.88899 2.49583
0 10 7.59998 0 4.89599 2.49597
0 10 7.59312 0 4.90299 2.49611
0 10 7.58624 0 4.91 2.49624
0 10 7.57935 0 4.917 2.49636
0 10 7.57246 0 4.92401 2.49646
0 10 7.56555 0 4.93101 2.49656
0 10 7.55863 0 4.93802 2.49665
0 10 7.55171 0 4.94502 2.49673
0 10 7.54477 0 4.95202 2.4968
0 10 7.53783 0 4.95903 2.49686
0 10 7.53087 0 4.96603 2.4969
0 10 7.52391 0 4.97304 2.49694
0 10 7.51693 0 4.98004 2.49697
0 10 7.50995 0 4.98705 2.49699
0 10 7.50295 0 4.99405 2.497
0 10 7.49595 0 5.00105 2.497
0 10 7.48893 0 5.00806 2.49699
0 10 7.48191 0 5.01506 2.49697
0 10 7.47488 0 5.02207 2.49694
0 10 7.46783 0 5.02907 2.4969
0 10 7.46078 0 5.03608 2.49686
0 10 7.45372 0 5.04308 2.4968
0 10 7.44664 0 5.05008 2.49673
0 10 7.43956 0 5.05709 2.49665
0 10 7.43247 0 5.06409 2.49656
0 10 7.42537 0 5.0711 2.49646
0 10 7.41825 0 5.0781 2.49635
0 10 7.41113 0 5.08511 2.49624
0 10 7.404 0 5.09211 2.49611
0 10 7.39686 0 5.09911 2.49597
0 10 7.38971 0 5.10612 2.49582
0 10 7.38254 0 5.11312 2.49567
0 10 7.37537 0 5.12013 2.4955
0 10 7.36819 0 5.12713 2.49532
0 10 7.361 0 5.13414 2.49514
0 10 7.3538 0 5.14114 2.49494
0 10 7.34659 0 5.14814 2.49474
0 10 7.33937 0 5.15515 2.49452
0 10 7.33214 0 5.16215 2.49429
0 10 7.3249 0 5.16916 2.49406
0 10 7.31765 0 5.17616 2.49381
0 10 7.31039 0 5.18317 2.49356
0 10 7.30312 0 5.19017 2.49329
0 10 7.29584 0 5.19717 2.49302
0 10 7.28856 0 5.20418 2.49273
0 10 7.28126 0 5.21118 2.49244
0 10 7.27395 0 5.21819 2.49213
0 10 7.26663 0 5.22519 2.49182
0 10 7.2593 0 5.2322 2.4915
0 10 7.25196 0 5.2392 2.49116
0 10 7.24462 0 5.2462 2.49082
0 10 7.23726 0 5.25321 2.49047
0 10 7.22989 0 5.26021 2.4901
0 10 7.22251 0 5.26722 2.48973
0 10 7.21513 0 5.27422 2.48935
0 10 7.20773 0 5.28123 2.48896
0 10 7.20032 0 5.28823 2.48855
0 10 7.19291 0 5.29523 2.48814
0 10 7.18548 0 5.30224 2.48772
0 10 7.17805 0 5.30924 2.48729
0 10 7.1706 0 5.31625 2.48685
0 10 7.16314 0 5.32325 2.4864
0 10 7.15568 0 5.33026 2.48593
0 10 7.1482 0 5.33726 2.48546
0 10 7.14072 0 5.34426 2.48498
0 10 7.13322 0 5.35127 2.48449
0 10 7.12572 0 5.35827 2.48399
0 10 7.1182 0 5.36528 2.48348
0 10 7.11068 0 5.37228 2.48296
0 10 7.10315 0 5.37929 2.48243
0 10 7.0956 0 5.38629 2.48189
0 10 7.08805 0 5.39329 2.48134
0 10 7.08049 0 5.4003 2.48078
0 10 7.07291 0 5.4073 2.48021
0 10 7.06533 0 5.41431 2.47964
0 10 7.05774 0 5.42131 2.47905
0 10 7.05013 0 5.42832 2.47845
0 10 7.04252 0 5.43532 2.47784
0 10 7.0349 0 5.44232 2.47722
0 10 7.02727 0 5.44933 2.47659
0 10 7.01962 0 5.45633 2.47596
0 10 7.01197 0 5.46334 2.47531
0 10 7.00431 0 5.47034 2.47465
0 10 6.99664 0 5.47735 2.47398
0 10 6.98896 0 5.48435 2.47331
0 10 6.98127 0 5.49135 2.47262
0 10 6.97357 0 5.49836 2.47192
0 10 6.96586 0 5.50536 2.47122
0 10 6.95813 0 5.51237 2.4705
0 10 6.9504 0 5.51937 2.46978
0 10 6.94266 0 5.52638 2.46904
0 10 6.93491 0 5.53338 2.46829
0 10 6.92715 0 5.54038 2.46754
0 10 6.91939 0 5.54739 2.46677
0 10 6.91161 0 5.55439 2.466
0 10 6.90382 0 5.5614 2.46521
0 10 6.89602 0 5.5684 2.46442
0 10 6.88821 0 5.5754 2.46361
0 10 6.88039 0 5.58241 2.4628
0 10 6.87256 0 5.58941 2.46198
0 10 6.86472 0 5.59642 2.46114
0 10 6.85688 0 5.60342 2.4603
0 10 6.84902 0 5.61043 2.45944
0 10 6.84115 0 5.61743 2.45858
0 10 6.83327 0 5.62443 2.45771
0 10 6.82539 0 5.63144 2.45683
0 10 6.81749 0 5.63844 2.45593
0 10 6.80958 0 5.64545 2.45503
0 10 6.80167 0 5.65245 2.45412
0 10 6.79374 0 5.65946 2.4532
0 10 6.7858 0 5.66646 2.45226
0 10 6.77786 0 5.67346 2.45132
0 10 6.7699 0 5.68047 2.45037
0 10 6.76193 0 5.68747 2.44941
0 10 6.75396 0 5.69448 2.44844
0 10 6.74597 0 5.70148 2.44746
0 10 6.73798 0 5.70849 2.44647
0 10 6.72997 0 5.71549 2.44546
0 10 6.72196 0 5.72249 2.44445
0 10 6.71393 0 5.7295 2.44343
0 10 6.7059 0 5.7365 2.4424
0 10 6.69786 0 5.74351 2.44136
0 10 6.6898 0 5.75051 2.44031
0 10 6.68174 0 5.75752 2.43925
0 10 6.67366 0 5.76452 2.43818
0 10 6.66558 0 5.77152 2.43711
0 10 6.65749 0 5.77853 2.43602
0 10 6.64938 0 5.78553 2.43492
0 10 6.64127 0 5.79254 2.43381
0 10 6.63315 0 5.79954 2.43269
0 10 6.62502 0 5.80655 2.43156
0 10 6.61687 0 5.81355 2.43042
0 10 6.60872 0 5.82055 2.42928
0 10 6.60056 0 5.82756 2.42812
0 10 6.59239 0 5.83456 2.42695
0 10 6.58421 0 5.84157 2.42577
0 10 6.57602 0 5.84857 2.42459
0 10 6.56781 0 5.85558 2.42339
0 10 6.5596 0 5.86258 2.42218
0 10 6.55138 0 5.86958 2.42097
0 10 6.54315 0 5.87659 2.41974
0 10 6.53491 0 5.88359 2.41851
0 10 6.52666 0 5.8906 2.41726
0 10 6.5184 0 5.8976 2.416
0 10 6.51013 0 5.90461 2.41474
0 10 6.50185 0 5.91161 2.41346
0 10 6.49356 0 5.91861 2.41218
0 10 6.48526 0 5.92562 2.41088
0 10 6.47695 0 5.93262 2.40958
0 10 6.46864 0 5.93963 2.40826
0 10 6.46031 0 5.94663 2.40694
0 10 6.45197 0 5.95364 2.4056
0 10 6.44362 0 5.96064 2.40426
0 10 6.43526 0 5.96764 2.40291
0 10 6.42689 0 5.97465 2.40154
0 10 6.41852 0 5.98165 2.40017
0 10 6.41013 0 5.98866 2.39879
0 10 6.40173 0 5.99566 2.39739
0 10 6.39332 0 6.00267 2.39599
0 10 6.38491 0 6.00967 2.39458
0 10 6.37648 0 6.01667 2.39315
0 10 6.36804 0 6.02368 2.39172
0 10 6.3596 0 6.03068 2.39028
0 10 6.35114 0 6.03769 2.38883
0 10 6.34268 0 6.04469 2.38737
0 10 6.3342 0 6.0517 2.3859
0 10 6.32571 0 6.0587 2.38441
0 10 6.31722 0 6.0657 2.38292
0 10 6.30871 0 6.07271 2.38142
0 10 6.3002 0 6.07971 2.37991
0 10 6.29167 0 6.08672 2.37839
0 10 6.28314 0 6.09372 2.37686
0 10 6.27459 0 6.10073 2.37532
0 10 6.26604 0 6.10773 2.37377
0 10 6.25748 0 6.11473 2.37221
0 10 6.2489 0 6.12174 2.37064
0 10 6.24032 0 6.12874 2.36906
0 10 6.23172 0 6.13575 2.36747
0 10 6.22312 0 6.14275 2.36587
0 10 6.21451 0 6.14976 2.36426
0 10 6.20588 0 6.15676 2.36264
0 10 6.19725 0 6.16376 2.36102
0 10 6.18861 0 6.17077 2.35938
0 10 6.17996 0 6.17777 2.35773
0 10 6.17129 0 6.18478 2.35607
0 10 6.16262 0 6.19178 2.3544
0 10 6.15394 0 6.19879 2.35273
0 10 6.14525 0 6.20579 2.35104
0 10 6.13655 0 6.21279 2.34934
0 10 6.12784 0 6.2198 2.34763
0 10 6.11911 0 6.2268 2.34592
0 10 6.11038 0 6.23381 2.34419
0 10 6.10164 0 6.24081 2.34245
0 10 6.09289 0 6.24782 2.34071
0 10 6.08413 0 6.25482 2.33895
0 10 6.07536 0 6.26182 2.33719
0 10 6.06658 0 6.26883 2.33541
0 10 6.05779 0 6.27583 2.33363
0 10 6.04899 0 6.28284 2.33183
0 10 6.04018 0 6.28984 2.33002
0 10 6.03136 0 6.29685 2.32821
0 10 6.02254 0 6.30385 2.32639
0 10 6.0137 0 6.31085 2.32455
0 10 6.00485 0 6.31786 2.32271
0 10 5.99599 0 6.32486 2.32085
0 10 5.98712 0 6.33187 2.31899
0 10 5.97824 0 6.33887 2.31711
0 10 5.96936 0 6.34588 2.31523
0 10 5.96046 0 6.35288 2.31334
0 10 5.95155 0 6.35988 2.31143
0 10 5.94263 0 6.36689 2.30952
0 10 5.93371 0 6.37389 2.3076
0 10 5.92477 0 6.3809 2.30567
0 10 5.91582 0 6.3879 2.30372
0 10 5.90687 0 6.39491 2.30177
0 10 5.8979 0 6.40191 2.29981
0 10 5.88892 0 6.40891 2.29784
0 10 5.87994 0 6.41592 2.29586
0 10 5.87094 0 6.42292 2.29386
0 10 5.86194 0 6.42993 2.29186
0 10 5.85292 0 6.43693 2.28985
0 10 5.8439 0 6.44394 2.28783
0 10 5.83486 0 6.45094 2.2858
0 10 5.82582 0 6.45794 2.28376
0 10 5.81676 0 6.46495 2.28171
0 10 5.8077 0 6.47195 2.27965
0 10 5.79862 0 6.47896 2.27758
0 10 5.78954 0 6.48596 2.2755
0 10 5.78044 0 6.49297 2.27341
0 10 5.77134 0 6.49997 2.27131
0 10 5.76223 0 6.50697 2.2692
0 10 5.7531 0 6.51398 2.26708
0 10 5.74397 0 6.52098 2.26495
0 10 5.73483 0 6.52799 2.26281
0 10 5.72568 0 6.53499 2.26067
0 10 5.71651 0 6.542 2.25851
0 10 5.70734 0 6.549 2.25634
0 10 5.69816 0 6.556 2.25416
0 10 5.68897 0 6.56301 2.25197
0 10 5.67976 0 6.57001 2.24978
0 10 5.67055 0 6.57702 2.24757
0 10 5.66133 0 6.58402 2.24535
0 10 5.6521 0 6.59103 2.24313
0 10 5.64286 0 6.59803 2.24089
0 10 5.63361 0 6.60503 2.23864
0 10 5.62435 0 6.61204 2.23639
0 10 5.61508 0 6.61904 2.23412
0 10 5.6058 0 6.62605 2.23184
0 10 5.59651 0 6.63305 2.22956
0 10 5.58721 0 6.64006 2.22726
0 10 5.5779 0 6.64706 2.22496
0 10 5.56858 0 6.65406 2.22264
0 10 5.55925 0 6.66107 2.22032
0 10 5.54991 0 6.66807 2.21798
0 10 5.54056 0 6.67508 2.21564
0 10 5.5312 0 6.68208 2.21328
0 10 5.52183 0 6.68909 2.21092
0 10 5.51245 0 6.69609 2.20854
0 10 5.50307 0 6.70309 2.20616
0 10 5.49367 0 6.7101 2.20377
0 10 5.48426 0 6.7171 2.20136
0 10 5.47484 0 6.72411 2.19895
0 10 5.46542 0 6.73111 2.19653
0 10 5.45598 0 6.73812 2.19409
0 10 5.44653 0 6.74512 2.19165
0 10 5.43707 0 6.75212 2.1892
0 10 5.42761 0 6.75913 2.18674
0 10 5.41813 0 6.76613 2.18426
0 10 5.40865 0 6.77314 2.18178
0 10 5.39915 0 6.78014 2.17929
0 10 5.38964 0 6.78715 2.17679
0 10 5.38013 0 6.79415 2.17428
0 10 5.3706 0 6.80115 2.17176
0 10 5.36107 0 6.80816 2.16922
0 10 5.35152 0 6.81516 2.16668
0 10 5.34197 0 6.82217 2.16413
0 10 5.3324 0 6.82917 2.16157
0 10 5.32283 0 6.83617 2.159
0 10 5.31324 0 6.84318 2.15642
0 10 5.30365 0 6.85018 2.15383
0 10 5.29404 0 6.85719 2.15123
0 10 5.28443 0 6.86419 2.14862
0 10 5.27481 0 6.8712 2.146
0 10 5.26517 0 6.8782 2.14337
0 10 5.25553 0 6.8852 2.14074
0 10 5.24588 0 6.89221 2.13809
0 10 5.23621 0 6.89921 2.13543
0 10 5.22654 0 6.90622 2.13276
0 10 5.21686 0 6.91322 2.13008
0 10 5.20717 0 6.92023 2.12739
0 10 5.19747 0 6.92723 2.1247
0 10 5.18775 0 6.93423 2.12199
0 10 5.17803 0 6.94124 2.11927
0 10 5.1683 0 6.94824 2.11654
0 10 5.15856 0 6.95525 2.11381
0 10 5.14881 0 6.96225 2.11106
0 10 5.13905 0 6.96926 2.1083
0 10 5.12928 0 6.97626 2.10554
0 10 5.1195 0 6.98326 2.10276
0 10 5.10971 0 6.99027 2.09997
0 10 5.09991 0 6.99727 2.09718
0 10 5.0901 0 7.00428 2.09437
0 10 5.08028 0 7.01128 2.09156
0 10 5.07045 0 7.01829 2.08873
0 10 5.06061 0 7.02529 2.0859
0 10 5.05076 0 7.03229 2.08305
0 10 5.0409 0 7.0393 2.0802
0 10 5.03103 0 7.0463 2.07733
0 10 5.02115 0 7.05331 2.07446
0 10 5.01126 0 7.06031 2.07157
0 10 5.00136 0 7.06732 2.06868
0 10 4.99146 0 7.07432 2.06578
0 10 4.98154 0 7.08132 2.06286
0 10 4.97161 0 7.08833 2.05994
0 10 4.96167 0 7.09533 2.05701
0 10 4.95172 0 7.10234 2.05406
0 10 4.94177 0 7.10934 2.05111
0 10 4.9318 0 7.11635 2.04815
0 10 4.92182 0 7.12335 2.04517
0 10 4.91184 0 7.13035 2.04219
0 10 4.90184 0 7.13736 2.0392
0 10 4.89183 0 7.14436 2.0362
0 10 4.88182 0 7.15137 2.03319
0 10 4.87179 0 7.15837 2.03016
0 10 4.86176 0 7.16538 2.02713
0 10 4.85171 0 7.17238 2.02409
0 10 4.84166 0 7.17938 2.02104
0 10 4.83159 0 7.18639 2.01798
0 10 4.82152 0 7.19339 2.01491
0 10 4.81143 0 7.2004 2.01183
0 10 4.80134 0 7.2074 2.00874
0 10 4.79123 0 7.21441 2.00564
0 10 4.78112 0 7.22141 2.00253
0 10 4.771 0 7.22841 1.99941
0 10 4.76086 0 7.23542 1.99628
0 10 4.75072 0 7.24242 1.99314
0 10 4.74056 0 7.24943 1.98999
0 10 4.7304 0 7.25643 1.98683
0 10 4.72023 0 7.26344 1.98366
0 10 4.71005 0 7.27044 1.98049
0 10 4.69985 0 7.27744 1.9773
0 10 4.68965 0 7.28445 1.9741
0 10 4.67944 0 7.29145 1.97089
0 10 4.66922 0 7.29846 1.96767
0 10 4.65898 0 7.30546 1.96445
0 10 4.64874 0 7.31247 1.96121
0 10 4.63849 0 7.31947 1.95796
0 10 4.62823 0 7.32647 1.9547
0 10 4.61796 0 7.33348 1.95144
0 10 4.60768 0 7.34048 1.94816
0 10 4.59739 0 7.34749 1.94487
0 10 4.58709 0 7.35449 1.94158
0 10 4.57678 0 7.3615 1.93827
0 10 4.56646 0 7.3685 1.93496
0 10 4.55613 0 7.3755 1.93163
0 10 4.54579 0 7.38251 1.9283
0 10 4.53544 0 7.38951 1.92495
0 10 4.52508 0 7.39652 1.9216
0 10 4.51471 0 7.40352 1.91823
0 10 4.50433 0 7.41053 1.91486
0 10 4.49394 0 7.41753 1.91147
0 10 4.48354 0 7.42453 1.90808
0 10 4.47313 0 7.43154 1.90467
0 10 4.46272 0 7.43854 1.90126
0 10 4.45229 0 7.44555 1.89784
0 10 4.44185 0 7.45255 1.8944
0 10 4.4314 0 7.45956 1.89096
0 10 4.42095 0 7.46656 1.88751
0 10 4.41048 0 7.47356 1.88404
0 10 4.4 0 7.48057 1.88057
0 10 4.38951 0 7.48757 1.87709
0 10 4.37902 0 7.49458 1.87359
0 10 4.36851 0 7.50158 1.87009
0 10 4.35799 0 7.50859 1.86658
0 10 4.34747 0 7.51559 1.86306
0 10 4.33693 0 7.52259 1.85953
0 10 4.32639 0 7.5296 1.85598
0 10 4.31583 0 7.5366 1.85243
0 10 4.30527 0 7.54361 1.84887
0 10 4.29469 0 7.55061 1.8453
0 10 4.28411 0 7.55762 1.84172
0 10 4.27351 0 7.56462 1.83813
0 10 4.26291 0 7.57162 1.83453
0 10 4.25229 0 7.57863 1.83092
0 10 4.24167 0 7.58563 1.8273
0 10 4.23103 0 7.59264 1.82367
0 10 4.22039 0 7.59964 1.82003
0 10 4.20974 0 7.60665 1.81638
0 10 4.19907 0 7.61365 1.81272
0 10 4.1884 0 7.62065 1.80905
0 10 4.17772 0 7.62766 1.80537
0 10 4.16702 0 7.63466 1.80169
0 10 4.15632 0 7.64167 1.79799
0 10 4.14561 0 7.64867 1.79428
0 10 4.13489 0 7.65568 1.79056
0 10 4.12415 0 7.66268 1.78683
0 10 4.11341 0 7.66968 1.7831
0 10 4.10266 0 7.67669 1.77935
0 10 4.0919 0 7.68369 1.77559
0 10 4.08113 0 7.6907 1.77182
0 10 4.07035 0 7.6977 1.76805
0 10 4.05955 0 7.70471 1.76426
0 10 4.04875 0 7.71171 1.76046
0 10 4.03794 0 7.71871 1.75666
0 10 4.02712 0 7.72572 1.75284
0 10 4.01629 0 7.73272 1.74901
0 10 4.00545 0 7.73973 1.74518
0 10 3.9946 0 7.74673 1.74133
0 10 3.98374 0 7.75374 1.73748
0 10 3.97287 0 7.76074 1.73361
0 10 3.96199 0 7.76774 1.72974
0 10 3.9511 0 7.77475 1.72585
0 10 3.94021 0 7.78175 1.72196
0 10 3.9293 0 7.78876 1.71805
0 10 3.91838 0 7.79576 1.71414
0 10 3.90745 0 7.80277 1.71022
0 10 3.89651 0 7.80977 1.70628
0 10 3.88556 0 7.81677 1.70234
0 10 3.87461 0 7.82378 1.69838
0 10 3.86364 0 7.83078 1.69442
0 10 3.85266 0 7.83779 1.69045
0 10 3.84167 0 7.84479 1.68647
0 10 3.83068 0 7.8518 1.68247
0 10 3.81967 0 7.8588 1.67847
0 10 3.80865 0 7.8658 1.67446
0 10 3.79763 0 7.87281 1.67044
0 10 3.78659 0 7.87981 1.6664
0 10 3.77555 0 7.88682 1.66236
0 10 3.76449 0 7.89382 1.65831
0 10 3.75342 0 7.90083 1.65425
0 10 3.74235 0 7.90783 1.65018
0 10 3.73126 0 7.91483 1.6461
0 10 3.72017 0 7.92184 1.64201
0 10 3.70906 0 7.92884 1.63791
0 10 3.69795 0 7.93585 1.63379
0 10 3.68682 0 7.94285 1.62967
0 10 3.67569 0 7.94986 1.62554
0 10 3.66455 0 7.95686 1.6214
0 10 3.65339 0 7.96386 1.61725
0 10 3.64223 0 7.97087 1.6131
0 10 3.63105 0 7.97787 1.60893
0 10 3.61987 0 7.98488 1.60475
0 10 3.60868 0 7.99188 1.60056
0 10 3.59747 0 7.99889 1.59636
0 10 3.58626 0 8.00589 1.59215
0 10 3.57504 0 8.01289 1.58793
0 10 3.56381 0 8.0199 1.5837
0 10 3.55256 0 8.0269 1.57947
0 10 3.54131 0 8.03391 1.57522
0 10 3.53005 0 8.04091 1.57096
0 10 3.51878 0 8.04791 1.56669
0 10 3.5075 0 8.05492 1.56242
0 10 3.49621 0 8.06192 1.55813
0 10 3.4849 0 8.06893 1.55383
0 10 3.47359 0 8.07593 1.54953
0 10 3.46227 0 8.08294 1.54521
0 10 3.45094 0 8.08994 1.54088
0 10 3.4396 0 8.09694 1.53655
0 10 3.42825 0 8.10395 1.5322
0 10 3.41689 0 8.11095 1.52785
0 10 3.40552 0 8.11796 1.52348
0 10 3.39414 0 8.12496 1.5191
0 10 3.38275 0 8.13197 1.51472
0 10 3.37135 0 8.13897 1.51032
0 10 3.35994 0 8.14597 1.50592
0 10 3.34853 0 8.15298 1.5015
0 10 3.3371 0 8.15998 1.49708
0 10 3.32566 0 8.16699 1.49265
0 10 3.31421 0 8.17399 1.4882
0 10 3.30275 0 8.181 1.48375
0 10 3.29128 0 8.188 1.47928
0 10 3.27981 0 8.195 1.47481
0 10 3.26832 0 8.20201 1.47033
0 10 3.25682 0 8.20901 1.46584
0 10 3.24531 0 8.21602 1.46133
0 10 3.2338 0 8.22302 1.45682
0 10 3.22227 0 8.23003 1.4523
0 10 3.21073 0 8.23703 1.44776
0 10 3.19919 0 8.24403 1.44322
0 10 3.18763 0 8.25104 1.43867
0 10 3.17607 0 8.25804 1.43411
0 10 3.16449 0 8.26505 1.42954
0 10 3.1529 0 8.27205 1.42496
0 10 3.14131 0 8.27906 1.42037
0 10 3.1297 0 8.28606 1.41576
0 10 3.11809 0 8.29306 1.41115
0 10 3.10646 0 8.30007 1.40653
0 10 3.09483 0 8.30707 1.4019
0 10 3.08318 0 8.31408 1.39726
0 10 3.07153 0 8.32108 1.39261
0 10 3.05987 0 8.32809 1.38795
0 10 3.04819 0 8.33509 1.38328
0 10 3.03651 0 8.34209 1.3786
0 10 3.02482 0 8.3491 1.37391
0 10 3.01311 0 8.3561 1.36922
0 10 3.0014 0 8.36311 1.36451
0 10 2.98968 0 8.37011 1.35979
0 10 2.97794 0 8.37712 1.35506
0 10 2.9662 0 8.38412 1.35032
0 10 2.95445 0 8.39112 1.34557
0 10 2.94269 0 8.39813 1.34081
0 10 2.93091 0 8.40513 1.33605
0 10 2.91913 0 8.41214 1.33127
0 10 2.90734 0 8.41914 1.32648
0 10 2.89554 0 8.42615 1.32169
0 10 2.88373 0 8.43315 1.31688
0 10 2.87191 0 8.44015 1.31206
0 10 2.86008 0 8.44716 1.30723
0 10 2.84824 0 8.45416 1.3024
0 10 2.83638 0 8.46117 1.29755
0 10 2.82452 0 8.46817 1.2927
0 10 2.81265 0 8.47518 1.28783
0 10 2.80077 0 8.48218 1.28295
0 10 2.78888 0 8.48918 1.27807
0 10 2.77699 0 8.49619 1.27317
0 10 2.76508 0 8.50319 1.26827
0 10 2.75316 0 8.5102 1.26335
0 10 2.74123 0 8.5172 1.25843
0 10 2.72929 0 8.52421 1.25349
0 10 2.71734 0 8.53121 1.24855
0 10 2.70538 0 8.53821 1.2436
0 10 2.69341 0 8.54522 1.23863
0 10 2.68144 0 8.55222 1.23366
0 10 2.66945 0 8.55923 1.22868
0 10 2.65745 0 8.56623 1.22368
0 10 2.64544 0 8.57324 1.21868
0 10 2.63343 0 8.58024 1.21367
0 10 2.6214 0 8.58724 1.20864
0 10 2.60936 0 8.59425 1.20361
0 10 2.59732 0 8.60125 1.19857
0 10 2.58526 0 8.60826 1.19352
0 10 2.57319 0 8.61526 1.18845
0 10 2.56112 0 8.62227 1.18338
0 10 2.54903 0 8.62927 1.1783
0 10 2.53693 0 8.63627 1.17321
0 10 2.52483 0 8.64328 1.16811
0 10 2.51271 0 8.65028 1.163
0 10 2.50059 0 8.65729 1.15788
0 10 2.48845 0 8.66429 1.15274
0 10 2.47631 0 8.6713 1.1476
0 10 2.46415 0 8.6783 1.14245
0 10 2.45199 0 8.6853 1.13729
0 10 2.43982 0 8.69231 1.13212
0 10 2.42763 0 8.69931 1.12694
0 10 2.41544 0 8.70632 1.12175
0 10 2.40323 0 8.71332 1.11656
0 10 2.39102 0 8.72033 1.11135
0 10 2.3788 0 8.72733 1.10613
0 10 2.36656 0 8.73433 1.1009
0 10 2.35432 0 8.74134 1.09566
0 10 2.34207 0 8.74834 1.09041
0 10 2.32981 0 8.75535 1.08515
0 10 2.31753 0 8.76235 1.07989
0 10 2.30525 0 8.76936 1.07461
0 10 2.29296 0 8.77636 1.06932
0 10 2.28066 0 8.78336 1.06402
0 10 2.26835 0 8.79037 1.05872
0 10 2.25603 0 8.79737 1.0534
0 10 2.24369 0 8.80438 1.04807
0 10 2.23135 0 8.81138 1.04273
0 10 2.219 0 8.81839 1.03739
0 10 2.20664 0 8.82539 1.03203
0 10 2.19427 0 8.83239 1.02667
0 10 2.18189 0 8.8394 1.02129
0 10 2.1695 0 8.8464 1.0159
0 10 2.1571 0 8.85341 1.01051
0 10 2.14469 0 8.86041 1.0051
0 10 2.13227 0 8.86742 0.999688
0 10 2.11984 0 8.87442 0.994263
0 10 2.1074 0 8.88142 0.988828
0 10 2.09495 0 8.88843 0.983383
0 10 2.0825 0 8.89543 0.977929
0 10 2.07003 0 8.90244 0.972465
0 10 2.05755 0 8.90944 0.96699
0 10 2.04506 0 8.91645 0.961507
0 10 2.03256 0 8.92345 0.956013
0 10 2.02006 0 8.93045 0.950509
0 10 2.00754 0 8.93746 0.944996
0 10 1.99501 0 8.94446 0.939473
0 10 1.98247 0 8.95147 0.93394
0 10 1.96993 0 8.95847 0.928397
0 10 1.95737 0 8.96548 0.922845
0 10 1.9448 0 8.97248 0.917283
0 10 1.93223 0 8.97948 0.91171
0 10 1.91964 0 8.98649 0.906129
0 10 1.90704 0 8.99349 0.900537
0 10 1.89444 0 9.0005 0.894935
0 10 1.88182 0 9.0075 0.889324
0 10 1.8692 0 9.01451 0.883703
0 10 1.85656 0 9.02151 0.878072
0 10 1.84392 0 9.02851 0.872431
0 10 1.83126 0 9.03552 0.86678
0 10 1.8186 0 9.04252 0.86112
0 10 1.80592 0 9.04953 0.85545
0 10 1.79324 0 9.05653 0.849769
0 10 1.78054 0 9.06354 0.84408
0 10 1.76784 0 9.07054 0.83838
0 10 1.75513 0 9.07754 0.83267
0 10 1.7424 0 9.08455 0.826951
0 10 1.72967 0 9.09155 0.821222
0 10 1.71693 0 9.09856 0.815483
0 10 1.70417 0 9.10556 0.809734
0 10 1.69141 0 9.11257 0.803976
0 10 1.67864 0 9.11957 0.798208
0 10 1.66586 0 9.12657 0.792429
0 10 1.65306 0 9.13358 0.786641
0 10 1.64026 0 9.14058 0.780844
0 10 1.62745 0 9.14759 0.775036
0 10 1.61463 0 9.15459 0.769219
0 10 1.6018 0 9.1616 0.763391
0 10 1.58896 0 9.1686 0.757554
0 10 1.5761 0 9.1756 0.751708
0 10 1.56324 0 9.18261 0.745851
0 10 1.55037 0 9.18961 0.739985
0 10 1.53749 0 9.19662 0.734108
0 10 1.5246 0 9.20362 0.728222
0 10 1.5117 0 9.21063 0.722326
0 10 1.49879 0 9.21763 0.716421
0 10 1.48587 0 9.22463 0.710505
0 10 1.47294 0 9.23164 0.70458
0 10 1.46 0 9.23864 0.698645
0 10 1.44705 0 9.24565 0.6927
0 10 1.43409 0 9.25265 0.686745
0 10 1.42113 0 9.25966 0.680781
0 10 1.40815 0 9.26666 0.674806
0 10 1.39516 0 9.27366 0.668822
0 10 1.38216 0 9.28067 0.662828
0 10 1.36915 0 9.28767 0.656824
0 10 1.35613 0 9.29468 0.650811
0 10 1.34311 0 9.30168 0.644787
0 10 1.33007 0 9.30868 0.638754
0 10 1.31702 0 9.31569 0.632711
0 10 1.30396 0 9.32269 0.626658
0 10 1.2909 0 9.3297 0.620596
0 10 1.27782 0 9.3367 0.614523
0 10 1.26473 0 9.34371 0.608441
0 10 1.25164 0 9.35071 0.602349
0 10 1.23853 0 9.35771 0.596247
0 10 1.22542 0 9.36472 0.590135
0 10 1.21229 0 9.37172 0.584014
0 10 1.19915 0 9.37873 0.577882
0 10 1.18601 0 9.38573 0.571741
0 10 1.17285 0 9.39274 0.56559
0 10 1.15969 0 9.39974 0.55943
0 10 1.14651 0 9.40674 0.553259
0 10 1.13333 0 9.41375 0.547079
0 10 1.12014 0 9.42075 0.540889
0 10 1.10693 0 9.42776 0.534689
0 10 1.09372 0 9.43476 0.528479
0 10 1.08049 0 9.44177 0.522259
0 10 1.06726 0 9.44877 0.51603
0 10 1.05402 0 9.45577 0.509791
0 10 1.04076 0 9.46278 0.503542
0 10 1.0275 0 9.46978 0.497283
0 10 1.01423 0 9.47679 0.491014
0 10 1.00094 0 9.48379 0.484736
0 10 0.987651 0 9.4908 0.478447
0 10 0.974349 0 9.4978 0.472149
0 10 0.961037 0 9.5048 0.465841
0 10 0.947715 0 9.51181 0.459524
0 10 0.934383 0 9.51881 0.453196
0 10 0.921041 0 9.52582 0.446859
0 10 0.90769 0 9.53282 0.440512
0 10 0.894329 0 9.53983 0.434155
0 10 0.880958 0 9.54683 0.427788
0 10 0.867577 0 9.55383 0.421411
0 10 0.854186 0 9.56084 0.415025
0 10 0.840786 0 9.56784 0.408629
0 10 0.827375 0 9.57485 0.402223
0 10 0.813955 0 9.58185 0.395807
0 10 0.800525 0 9.58886 0.389381
0 10 0.787086 0 9.59586 0.382946
0 10 0.773636 0 9.60286 0.376501
0 10 0.760177 0 9.60987 0.370046
0 10 0.746708 0 9.61687 0.363581
0 10 0.733229 0 9.62388 0.357106
0 10 0.71974 0 9.63088 0.350622
0 10 0.706241 0 9.63789 0.344127
0 10 0.692733 0 9.64489 0.337623
0 10 0.679215 0 9.65189 0.331109
0 10 0.665687 0 9.6589 0.324586
0 10 0.652149 0 9.6659 0.318052
0 10 0.638601 0 9.67291 0.311509
0 10 0.625044 0 9.67991 0.304956
0 10 0.611477 0 9.68692 0.298393
0 10 0.5979 0 9.69392 0.29182
0 10 0.584313 0 9.70092 0.285237
0 10 0.570716 0 9.70793 0.278645
0 10 0.55711 0 9.71493 0.272043
0 10 0.543494 0 9.72194 0.265431
0 10 0.529867 0 9.72894 0.258809
0 10 0.516232 0 9.73595 0.252177
0 10 0.502586 0 9.74295 0.245536
0 10 0.48893 0 9.74995 0.238885
0 10 0.475265 0 9.75696 0.232224
0 10 0.46159 0 9.76396 0.225553
0 10 0.447905 0 9.77097 0.218872
0 10 0.43421 0 9.77797 0.212182
0 10 0.420506 0 9.78498 0.205481
0 10 0.406791 0 9.79198 0.198771
0 10 0.393067 0 9.79898 0.192051
0 10 0.379333 0 9.80599 0.185322
0 10 0.365589 0 9.81299 0.178582
0 10 0.351836 0 9.82 0.171833
0 10 0.338072 0 9.827 0.165074
0 10 0.324299 0 9.83401 0.158305
0 10 0.310516 0 9.84101 0.151526
0 10 0.296723 0 9.84801 0.144737
0 10 0.28292 0 9.85502 0.137939
0 10 0.269108 0 9.86202 0.131131
0 10 0.255286 0 9.86903 0.124313
0 10 0.241453 0 9.87603 0.117485
0 10 0.227612 0 9.88304 0.110647
0 10 0.21376 0 9.89004 0.1038
0 10 0.199898 0 9.89704 0.0969426
0 10 0.186027 0 9.90405 0.0900755
0 10 0.172146 0 9.91105 0.0831986
0 10 0.158255 0 9.91806 0.076312
0 10 0.144354 0 9.92506 0.0694155
0 10 0.130443 0 9.93207 0.0625092
0 10 0.116523 0 9.93907 0.055593
0 10 0.102593 0 9.94607 0.0486671
0 10 0.0886529 0 9.95308 0.0417314
0 10 0.0747031 0 9.96008 0.0347859
0 10 0.0607434 0 9.96709 0.0278305
0 10 0.046774 0 9.97409 0.0208653
0 10 0.0327948 0 9.9811 0.0138904
0 10 0.0188057 0 9.9881 0.00690558
0 10 0.00480682 0 9.9951 -8.90095e-005
